# Prisoners' Dilemma
(+3,+3) (-1,+5)
(+5,-1) (+1,+1)

# Stag Hunt
(+10,+10) (+1,+8)
(+8,+1) (+5,+5)

# Asymmetric Stag Hunt
(+10,+9) (+1,+7)
(+8,+2) (+5,+4)

# Battle of the Sexes
(+2,+1) (+0,+0)
(+0,+0) (+1,+2)

# Asymmetric Battle of the Sexes
(+4,+2) (+0,+0)
(+0,+0) (+1,+5)

# Chicken Game
(+0,+0) (+7,+2)
(+2,+7) (+5,+5)

# Asymmetric Chicken Game
(+0,+0) (+8,+1)
(+2,+7) (+5,+4)

# Matching Pennies
(+1,-1) (-1,+1)
(-1,+1) (+1,-1)

# Deadlock
(+1,+1) (-1,+5)
(+5,-1) (+3,+3)

# Coordination Game
(+1,+1) (+0,+0)
(+0,+0) (+2,+2)

# Asymmetric coordination Game
(+1,+2) (+0,+0)
(+0,+0) (+2,+3)


# Rock Paper Scissor
(+0,+0) (-1,+1) (+1,-1)
(+1,-1) (+0,+0) (-1,+1)
(-1,+1) (+1,-1) (+0,+0)

# Rock Paper Scissor (Shapley's variation)
(+0,+0) (+0,+1) (+1,+0)
(+1,+0) (+0,+0) (+0,+1)
(+0,+1) (+1,+0) (+0,+0)

# Predator-Prey Game
(+1,+1) (-1,+2) (+0,+0)
(+2,-1) (+0,+0) (-2,+1)
(+0,+0) (+1,-2) (-1,-1)

# Coordination Game
(+3,+3) (+0,+0) (+0,+0)
(+0,+0) (+2,+2) (+0,+0)
(+0,+0) (+0,+0) (+1,+1)

# Public Goods Game
(+8,+8) (+6,+9) (+4,+10)
(+9,+6) (+7,+7) (+5,+8)
(+10,+4) (+8,+5) (+6,+6)

# Iesds Solvable Game 
(+8,+4) (-2,+6) (-2,+3)
(+6,-2) (+2,+2) (-1,+3)
(+3,-2) (+3,-1) (+1,+1)

# Asymmetric Game 
(+8,+2) (+5,+6) (-6,+2)
(+0,+8) (+1,+2) (-1,+2)
(+2,+6) (+8,-9) (+4,+4)

# Optional Prisoners' Dilemma
(+3,+3) (+0,+5) (+2,+2)
(+5,+0) (+1,+1) (+2,+2)
(+2,+2) (+2,+2) (+2,+2)

# Degenerate Game 1
(+0,+0) (-1,+1) (+1,-1)
(-1,+1) (+0,+0) (+1,-1)
(-1,+1) (+0,+0) (+1,-1) 

# Degenerate Game 2
(-1,+1) (+1,-1) (+1,-1)
(-1,+1) (-1,+1) (+1,-1)
(-1,+1) (-1,+1) (-1,+1)

# Degenerate Favour Game 1
(-1,+1) (-1,+1) (-1,+1)
(-1,+1) (-1,+2) (-1,+1)
(-1,+1) (-1,+1) (-1,+1)

# Degenerate Favour Game 2
(-1,+1) (-1,+1) (+0,+1)
(-1,+1) (-1,+1) (-1,+1)
(-1,+1) (-1,+1) (-1,+1)
